mProjectPP 3 3008 1544694769141 1544694770854 1713 real
mProjectPP 9 3008 1544694769115 1544694770872 1757 real
mProjectPP 2 3008 1544694769107 1544694770886 1779 real
mProjectPP 6 3008 1544694769152 1544694770928 1776 real
mProjectPP 8 3008 1544694769121 1544694770942 1821 real
mProjectPP 1 3008 1544694769142 1544694770975 1833 real
mProjectPP 7 3008 1544694769143 1544694771004 1861 real
mProjectPP 5 3008 1544694769147 1544694771358 2211 real
mProjectPP 4 3008 1544694769098 1544694771460 2362 real
mProjectPP 10 3008 1544694769097 1544694771630 2533 real
mDiffFit 12 3008 1544694771212 1544694772339 1127 real
mDiffFit 25 3008 1544694771266 1544694772693 1427 real
mDiffFit 24 3008 1544694771221 1544694772715 1494 real
mDiffFit 14 3008 1544694771271 1544694772834 1563 real
mDiffFit 23 3008 1544694771258 1544694772846 1588 real
mDiffFit 19 3008 1544694771684 1544694772877 1193 real
mDiffFit 16 3008 1544694771659 1544694772913 1254 real
mDiffFit 20 3008 1544694771699 1544694773076 1377 real
mDiffFit 13 3008 1544694771694 1544694773146 1452 real
mDiffFit 18 3008 1544694771246 1544694773174 1928 real
mDiffFit 21 3008 1544694771683 1544694773205 1522 real
mDiffFit 15 3008 1544694771211 1544694773292 2081 real
mDiffFit 27 3008 1544694772068 1544694773591 1523 real
mDiffFit 26 3008 1544694772094 1544694773841 1747 real
mDiffFit 11 3008 1544694771241 1544694774498 3257 real
mDiffFit 22 3008 1544694771630 1544694774703 3073 real
mDiffFit 17 3008 1544694771639 1544694774806 3167 real
mConcatFit 28 3008 1544694775032 1544694775463 431 real
mBgModel 29 3008 1544694775687 1544694777787 2100 real
mBackground 37 3008 1544694778117 1544694779446 1329 real
mBackground 38 3008 1544694778147 1544694779561 1414 real
mBackground 39 3008 1544694778148 1544694779576 1428 real
mBackground 36 3008 1544694778112 1544694779618 1506 real
mBackground 31 3008 1544694778173 1544694779734 1561 real
mBackground 34 3008 1544694778168 1544694779763 1595 real
mBackground 32 3008 1544694778109 1544694780483 2374 real
mBackground 30 3008 1544694778080 1544694780581 2501 real
mBackground 33 3008 1544694778153 1544694780605 2452 real
mBackground 35 3008 1544694778107 1544694780838 2731 real
mImgtbl 40 3008 1544694780996 1544694784194 3198 real
mAdd 41 3008 1544694784564 1544694788590 4026 real
mShrink 42 3008 1544694788768 1544694792154 3386 real
mJPEG 43 3008 1544694792306 1544694794366 2060 real
